tree
version=v4
num_class=1
num_tree_per_iteration=1
label_index=0
max_feature_idx=11
objective=regression
feature_names=grade_percentage estimated_hours difficulty_level priority_rating days_until_due days_between_estimate_and_completion task_type_Assignment task_type_Exam task_type_Lab task_type_Project task_type_Quiz task_type_Reading
feature_infos=[3:30] [1.0700000000000001:15] [1:5] [1:5] [0:89] [-7:0] [0:1] [0:1] [0:1] [0:1] [0:1] [0:1]
tree_sizes=607 637 635 636 633 552 552 554 552 550 555 554 555 555 555 639 640 562 640 638 639 640 640 644 643 561 562 561 562 564 561 562 649 562 563 566 562 564 565 564 645 645 645 646 643 567 568 567 568 568 563 565 565 569 571 651 653 658 572 654 650 652 650 649 653 653 656 649 645 652 568 567 656 558 571 566 565 569 573 564 570 568 568 569 573 484 484 569 567 564 645 574 647 637 646 560 571 572 570 571

Tree=0
num_leaves=6
num_cat=0
split_feature=1 1 1 1 1
split_gain=2729.92 670.169 62.7887 53.209 45.6305
threshold=10.625000000000002 5.0750000000000011 12.825000000000001 2.7750000000000004 8.3700000000000028
decision_type=2 2 2 2 2
left_child=1 3 -2 -1 -3
right_child=2 4 -4 -5 -6
leaf_value=9.0617194064299795 9.6538860774981661 9.3398622668331761 9.7674098879791984 9.1718011933221621 9.44078488763523
leaf_weight=21 21 21 29 23 24
leaf_count=21 21 21 29 23 24
internal_value=9.4241 9.25802 9.71973 9.11926 9.39369
internal_weight=139 89 50 44 45
internal_count=139 89 50 44 45
is_linear=0
shrinkage=1


Tree=1
num_leaves=6
num_cat=0
split_feature=1 1 1 1 1
split_gain=2463.75 604.827 56.6668 48.0212 41.1815
threshold=10.625000000000002 5.0750000000000011 12.825000000000001 2.7750000000000004 8.3700000000000028
decision_type=2 2 2 2 2
left_child=1 3 -2 -1 -3
right_child=2 4 -4 -5 -6
leaf_value=-0.34627644448053269 0.21628189313979376 -0.082040735351897431 0.32412950129344548 -0.24169874916905942 0.013835754897445441
leaf_weight=21 21 21 29 23 24
leaf_count=21 21 21 29 23 24
internal_value=-0.00201438 -0.159794 0.278834 -0.291611 -0.0309066
internal_weight=139 89 50 44 45
internal_count=139 89 50 44 45
is_linear=0
shrinkage=0.05


Tree=2
num_leaves=6
num_cat=0
split_feature=1 1 1 1 1
split_gain=2223.54 545.857 51.1417 43.3391 37.1663
threshold=10.625000000000002 5.0750000000000011 12.825000000000001 2.7750000000000004 8.3700000000000028
decision_type=2 2 2 2 2
left_child=1 3 -2 -1 -3
right_child=2 4 -4 -5 -6
leaf_value=-0.32896262577601842 0.20546779859633674 -0.077938698374089746 0.3079230308532715 -0.22961381207341736 0.013143969171990953
leaf_weight=21 21 21 29 23 24
leaf_count=21 21 21 29 23 24
internal_value=-0.00191366 -0.151804 0.264892 -0.27703 -0.0293613
internal_weight=139 89 50 44 45
internal_count=139 89 50 44 45
is_linear=0
shrinkage=0.05


Tree=3
num_leaves=6
num_cat=0
split_feature=1 1 1 1 1
split_gain=2006.74 492.636 46.1554 39.1135 33.5426
threshold=10.625000000000002 5.0750000000000011 12.825000000000001 2.7750000000000004 8.3700000000000028
decision_type=2 2 2 2 2
left_child=1 3 -2 -1 -3
right_child=2 4 -4 -5 -6
leaf_value=-0.31251449812026255 0.19519439800864175 -0.07404176268194404 0.29252687949558787 -0.21813312302465027 0.012486770252386731
leaf_weight=21 21 21 29 23 24
leaf_count=21 21 21 29 23 24
internal_value=-0.00181798 -0.144214 0.251647 -0.263179 -0.0278932
internal_weight=139 89 50 44 45
internal_count=139 89 50 44 45
is_linear=0
shrinkage=0.05


Tree=4
num_leaves=6
num_cat=0
split_feature=1 1 1 1 1
split_gain=1811.08 444.604 41.6553 35.3 30.2722
threshold=10.625000000000002 5.0750000000000011 12.825000000000001 2.7750000000000004 8.3700000000000028
decision_type=2 2 2 2 2
left_child=1 3 -2 -1 -3
right_child=2 4 -4 -5 -6
leaf_value=-0.29688877037593298 0.18543468202863422 -0.070339675673416688 0.27790053671803971 -0.20722647024237595 0.011862432056417068
leaf_weight=21 21 21 29 23 24
leaf_count=21 21 21 29 23 24
internal_value=-0.00172708 -0.137003 0.239065 -0.25002 -0.0264986
internal_weight=139 89 50 44 45
internal_count=139 89 50 44 45
is_linear=0
shrinkage=0.05


Tree=5
num_leaves=5
num_cat=0
split_feature=1 1 1 0
split_gain=1700.03 315.791 92.3185 42.1236
threshold=8.0400000000000009 11.490000000000002 3.9650000000000003 20.810000000000002
decision_type=2 2 2 2
left_child=2 -2 -1 -3
right_child=1 3 -4 -5
leaf_value=-0.24982768116575299 0.036769194379448887 0.20366709055723967 -0.12244762521982194 0.2994051891565323
leaf_weight=33 30 27 25 20
leaf_count=33 30 27 25 20
internal_value=0.0095162 0.163509 -0.194922 0.244407
internal_weight=135 77 58 47
internal_count=135 77 58 47
is_linear=0
shrinkage=0.05


Tree=6
num_leaves=5
num_cat=0
split_feature=1 1 1 0
split_gain=1534.28 285.002 83.861 38.0165
threshold=8.0400000000000009 11.490000000000002 3.8350000000000004 20.810000000000002
decision_type=2 2 2 2
left_child=2 -2 -1 -3
right_child=1 3 -4 -5
leaf_value=-0.24326009035110474 0.034930736124515534 0.19348373115062714 -0.1229437948337623 0.28443492472171789
leaf_weight=30 30 27 28 20
leaf_count=30 30 27 28 20
internal_value=0.00904039 0.155334 -0.185176 0.232186
internal_weight=135 77 58 47
internal_count=135 77 58 47
is_linear=0
shrinkage=0.05


Tree=7
num_leaves=5
num_cat=0
split_feature=1 1 1 1
split_gain=1384.69 257.214 76.7526 17.8092
threshold=8.0400000000000009 11.490000000000002 4.1350000000000007 13.475000000000001
decision_type=2 2 2 2
left_child=2 -2 -1 -3
right_child=1 3 -4 -5
leaf_value=-0.22088129984007943 0.033184199531873064 0.19044687307129304 -0.10234048562971028 0.25201723679252297
leaf_weight=36 30 24 22 23
leaf_count=36 30 24 22 23
internal_value=0.00858837 0.147567 -0.175918 0.220577
internal_weight=135 77 58 47
internal_count=135 77 58 47
is_linear=0
shrinkage=0.05


Tree=8
num_leaves=5
num_cat=0
split_feature=1 1 1 0
split_gain=1249.68 232.136 69.643 35.1206
threshold=8.0400000000000009 11.490000000000002 3.8350000000000004 20.810000000000002
decision_type=2 2 2 2
left_child=2 -2 -1 -3
right_child=1 3 -4 -5
leaf_value=-0.22005301793416343 0.03152498757156233 0.17234887406229973 -0.11040950249880553 0.25976728647947311
leaf_weight=30 30 27 28 20
leaf_count=30 30 27 28 20
internal_value=0.00815895 0.140189 -0.167122 0.209548
internal_weight=135 77 58 47
internal_count=135 77 58 47
is_linear=0
shrinkage=0.05


Tree=9
num_leaves=5
num_cat=0
split_feature=1 1 1 2
split_gain=1127.84 211.48 63.763 13.1268
threshold=8.0400000000000009 11.765000000000002 4.1350000000000007 2.5000000000000004
decision_type=2 2 2 2
left_child=2 -2 -1 -3
right_child=1 3 -4 -5
leaf_value=-0.19974827898873226 0.037497403045100249 0.17502368286252024 -0.091702984645962715 0.22987088598310948
leaf_weight=36 33 20 22 24
leaf_count=36 33 20 22 24
internal_value=0.007751 0.133179 -0.158766 0.20494
internal_weight=135 77 58 44
internal_count=135 77 58 44
is_linear=0
shrinkage=0.05


Tree=10
num_leaves=5
num_cat=0
split_feature=1 1 1 1
split_gain=1074.47 249.011 42.0183 16.3077
threshold=6.8750000000000009 11.490000000000002 2.7750000000000004 13.475000000000001
decision_type=2 2 2 2
left_child=2 -2 -1 -3
right_child=1 3 -4 -5
leaf_value=-0.22261533677577972 0.016516205046274181 0.16027315283815069 -0.13266332152526122 0.21797494271397594
leaf_weight=20 36 24 37 25
leaf_count=20 36 24 37 25
internal_value=0.00373002 0.116359 -0.164225 0.189713
internal_weight=142 85 57 49
internal_count=142 85 57 49
is_linear=0
shrinkage=0.05


Tree=11
num_leaves=5
num_cat=0
split_feature=1 1 1 1
split_gain=969.705 224.732 37.9215 14.7177
threshold=6.8750000000000009 11.490000000000002 2.7750000000000004 13.475000000000001
decision_type=2 2 2 2
left_child=2 -2 -1 -3
right_child=1 3 -4 -5
leaf_value=-0.21148456513881683 0.015690395881473605 0.15225949479887885 -0.1260301569225015 0.20707619655132295
leaf_weight=20 36 24 37 25
leaf_count=20 36 24 37 25
internal_value=0.00354352 0.110541 -0.156014 0.180227
internal_weight=142 85 57 49
internal_count=142 85 57 49
is_linear=0
shrinkage=0.05


Tree=12
num_leaves=5
num_cat=0
split_feature=1 1 1 1
split_gain=875.159 202.821 34.2724 13.2828
threshold=6.8750000000000009 11.490000000000002 2.9400000000000004 13.475000000000001
decision_type=2 2 2 2
left_child=2 -2 -1 -3
right_child=1 3 -4 -5
leaf_value=-0.19535245895385744 0.014905876438650821 0.14464652010550103 -0.11632530093193055 0.19672238825261593
leaf_weight=23 36 24 34 25
leaf_count=23 36 24 34 25
internal_value=0.00336634 0.105014 -0.148213 0.171216
internal_weight=142 85 57 49
internal_count=142 85 57 49
is_linear=0
shrinkage=0.05


Tree=13
num_leaves=5
num_cat=0
split_feature=1 1 1 1
split_gain=789.831 183.046 31.2754 11.9877
threshold=6.8750000000000009 11.490000000000002 3.3900000000000001 13.475000000000001
decision_type=2 2 2 2
left_child=2 -2 -1 -3
right_child=1 3 -4 -5
leaf_value=-0.17593900402386986 0.014160581471191515 0.13741419514020284 -0.1017625304835814 0.18688626563549043
leaf_weight=30 36 24 27 25
leaf_count=30 36 24 27 25
internal_value=0.00319803 0.0997633 -0.140803 0.162655
internal_weight=142 85 57 49
internal_count=142 85 57 49
is_linear=0
shrinkage=0.05


Tree=14
num_leaves=5
num_cat=0
split_feature=1 1 1 1
split_gain=714.994 178.866 22.5821 10.8189
threshold=6.580000000000001 11.490000000000002 2.7750000000000004 13.475000000000001
decision_type=2 2 2 2
left_child=2 -2 -1 -3
right_child=1 3 -4 -5
leaf_value=-0.18234577000141144 0.011024629362882713 0.13054348429044088 -0.11538893812719514 0.17754195737838746
leaf_weight=20 39 24 34 25
leaf_count=20 39 24 34 25
internal_value=0.00303813 0.0909267 -0.140188 0.154522
internal_weight=142 88 54 49
internal_count=142 88 54 49
is_linear=0
shrinkage=0.05


Tree=15
num_leaves=6
num_cat=0
split_feature=1 1 1 1 2
split_gain=610.225 165.395 24.1776 4.26332 2.38822
threshold=10.625000000000002 5.9900000000000011 13.475000000000001 3.0500000000000003 2.5000000000000004
decision_type=2 2 2 2 2
left_child=1 3 -2 -1 -3
right_child=2 4 -4 -5 -6
leaf_value=-0.15533345031738283 0.1157525853386947 0.0083587576448917386 0.18773113429546356 -0.12477415150829725 -0.015514179556207222
leaf_weight=25 28 20 20 21 22
leaf_count=25 28 20 20 21 22
internal_value=0.00233798 -0.0758833 0.145744 -0.141382 -0.00414611
internal_weight=136 88 48 46 42
internal_count=136 88 48 46 42
is_linear=0
shrinkage=0.05


Tree=16
num_leaves=6
num_cat=0
split_feature=1 1 1 1 2
split_gain=550.728 149.269 21.8203 3.84765 2.15537
threshold=10.625000000000002 5.9900000000000011 13.475000000000001 3.0500000000000003 2.5000000000000004
decision_type=2 2 2 2 2
left_child=1 3 -2 -1 -3
right_child=2 4 -4 -5 -6
leaf_value=-0.14756677436828614 0.10996495666248458 0.0079408191516995436 0.17834457412362101 -0.11853544703196912 -0.014738470417532054
leaf_weight=25 28 20 20 21 22
leaf_count=25 28 20 20 21 22
internal_value=0.00222108 -0.0720891 0.138456 -0.134313 -0.00393881
internal_weight=136 88 48 46 42
internal_count=136 88 48 46 42
is_linear=0
shrinkage=0.05


Tree=17
num_leaves=5
num_cat=0
split_feature=0 2 0 4
split_gain=23.4185 15.9455 23.5441 4.51715
threshold=25.100000000000005 1.5000000000000002 10.015000000000002 64.500000000000014
decision_type=2 2 2 2
left_child=1 -1 -3 -4
right_child=-2 2 3 -5
leaf_value=0.049987277971661609 -0.03689071481426557 -0.03881394083922108 0.030982238669983217 0.0026152733227481017
leaf_weight=23 30 24 36 23
leaf_count=23 30 24 36 23
internal_value=0.00211002 0.013148 0.00293949 0.0199239
internal_weight=136 106 83 59
internal_count=136 106 83 59
is_linear=0
shrinkage=0.05


Tree=18
num_leaves=6
num_cat=0
split_feature=1 1 1 1 4
split_gain=494.026 133.685 19.2141 3.52091 2.00764
threshold=10.625000000000002 5.9900000000000011 13.475000000000001 3.0500000000000003 42.500000000000007
decision_type=2 2 2 2 2
left_child=1 3 -2 -1 -3
right_child=2 4 -4 -5 -6
leaf_value=-0.13994114899635315 0.10430015533098154 -0.014304468408226967 0.16846641022711994 -0.11216980989279582 0.0075837764889001846
leaf_weight=25 28 22 20 21 20
leaf_count=25 28 22 20 21 20
internal_value=0.00200452 -0.0683763 0.131036 -0.127263 -0.00388149
internal_weight=136 88 48 46 42
internal_count=136 88 48 46 42
is_linear=0
shrinkage=0.05


Tree=19
num_leaves=6
num_cat=0
split_feature=1 1 4 1 2
split_gain=445.858 120.651 18.9659 3.17762 1.83943
threshold=10.625000000000002 5.9900000000000011 47.500000000000007 3.0500000000000003 2.5000000000000004
decision_type=2 2 2 2 2
left_child=1 3 -2 -1 -3
right_child=2 4 -4 -5 -6
leaf_value=-0.13294409132003784 0.15339516149117396 0.0072870410606265066 0.090316895776512959 -0.10656131890912851 -0.013664201308380475
leaf_weight=25 26 20 22 21 22
leaf_count=25 26 20 22 21 22
internal_value=0.0019043 -0.0649575 0.124484 -0.1209 -0.00368742
internal_weight=136 88 48 46 42
internal_count=136 88 48 46 42
is_linear=0
shrinkage=0.05


Tree=20
num_leaves=6
num_cat=0
split_feature=1 1 4 1 4
split_gain=397.221 118.165 14.7893 13.6947 2.633
threshold=11.490000000000002 5.5000000000000009 31.500000000000004 2.6100000000000003 53.500000000000007
decision_type=2 2 2 2 2
left_child=1 3 -2 -1 -3
right_child=2 4 -4 -5 -6
leaf_value=-0.15218136340379718 0.13980032925804456 -0.020582154552851405 0.083045192028988496 -0.098400261073276929 0.0028387939623956172
leaf_weight=20 24 28 22 29 21
leaf_count=20 24 28 22 29 21
internal_value=-0.0085536 -0.0654482 0.112657 -0.120352 -0.0105446
internal_weight=144 98 46 49 49
internal_count=144 98 46 49 49
is_linear=0
shrinkage=0.05


Tree=21
num_leaves=6
num_cat=0
split_feature=1 1 4 1 4
split_gain=358.492 106.643 13.3473 12.3594 2.37628
threshold=11.490000000000002 5.5000000000000009 31.500000000000004 2.6100000000000003 53.500000000000007
decision_type=2 2 2 2 2
left_child=1 3 -2 -1 -3
right_child=2 4 -4 -5 -6
leaf_value=-0.1445722943544388 0.13281031151612599 -0.01955304728554828 0.078892936049537232 -0.093480246848073503 0.0026968547786098153
leaf_weight=20 24 28 22 29 21
leaf_count=20 24 28 22 29 21
internal_value=-0.00812592 -0.0621758 0.107024 -0.114334 -0.0100174
internal_weight=144 98 46 49 49
internal_count=144 98 46 49 49
is_linear=0
shrinkage=0.05


Tree=22
num_leaves=6
num_cat=0
split_feature=1 1 0 1 4
split_gain=323.602 97.5586 17.6493 15.8286 3.73881
threshold=6.580000000000001 11.765000000000002 17.965000000000003 2.6100000000000003 47.500000000000007
decision_type=2 2 2 2 2
left_child=3 4 -3 -1 -2
right_child=1 2 -4 -5 -6
leaf_value=-0.13734367966651917 -0.014499556111252827 0.07002898201346397 0.13362636764844257 -0.081865829974412926 0.014680716603816974
leaf_weight=20 23 20 24 36 21
leaf_count=20 23 20 24 36 21
internal_value=-0.00771962 0.0520729 0.104718 -0.101679 -0.000572608
internal_weight=144 88 44 56 44
internal_count=144 88 44 56 44
is_linear=0
shrinkage=0.05


Tree=23
num_leaves=6
num_cat=0
split_feature=1 1 0 1 0
split_gain=292.595 87.4355 12.8818 9.91588 5.76148
threshold=11.490000000000002 5.5000000000000009 17.965000000000003 2.6100000000000003 19.900000000000002
decision_type=2 2 2 2 2
left_child=1 3 -2 -1 -3
right_child=2 4 -4 -5 -6
leaf_value=-0.13047649472951892 0.066527534760534773 0.0053025579015756477 0.11990215829931772 -0.084712943331948648 -0.029581009000539782
leaf_weight=20 20 29 26 29 20
leaf_count=20 20 29 26 29 20
internal_value=-0.00733364 -0.0561638 0.0966958 -0.103392 -0.00893563
internal_weight=144 98 46 49 49
internal_count=144 98 46 49 49
is_linear=0
shrinkage=0.05


Tree=24
num_leaves=6
num_cat=0
split_feature=1 1 0 1 4
split_gain=265.302 79.5145 14.5524 12.6714 3.55237
threshold=6.580000000000001 11.765000000000002 17.965000000000003 2.6100000000000003 47.500000000000007
decision_type=2 2 2 2 2
left_child=3 4 -3 -1 -2
right_child=1 2 -4 -5 -6
leaf_value=-0.12395267099142077 -0.013931295178506687 0.063201155699789527 0.12094994025925797 -0.074315143624941501 0.014512114794481369
leaf_weight=20 23 20 24 36 21
leaf_count=20 23 20 24 36 21
internal_value=-0.00696696 0.0471722 0.0947005 -0.0920428 -0.000356031
internal_weight=144 88 44 56 44
internal_count=144 88 44 56 44
is_linear=0
shrinkage=0.05


Tree=25
num_leaves=5
num_cat=0
split_feature=1 1 4 1
split_gain=214.429 44.337 15.9584 5.75614
threshold=10.625000000000002 5.5000000000000009 31.500000000000004 2.6100000000000003
decision_type=2 2 2 2
left_child=1 3 -2 -1
right_child=2 -3 -4 -5
leaf_value=-0.11655775067352114 0.10112352203577757 -0.023687024849156538 0.042196208500751745 -0.081928343645163951
leaf_weight=21 20 36 27 28
leaf_count=21 20 36 27 28
internal_value=-0.0184293 -0.0658169 0.0672717 -0.0967695
internal_weight=132 85 47 49
internal_count=132 85 47 49
is_linear=0
shrinkage=0.05


Tree=26
num_leaves=5
num_cat=0
split_feature=1 1 1 1
split_gain=193.523 40.0141 9.72278 5.19492
threshold=10.625000000000002 5.5000000000000009 13.010000000000002 2.6100000000000003
decision_type=2 2 2 2
left_child=1 3 -2 -1
right_child=2 -3 -4 -5
leaf_value=-0.11072986267861867 0.090331135839223864 -0.022502673774336776 0.044335439690837156 -0.077831925238881799
leaf_weight=21 20 36 27 28
leaf_count=21 20 36 27 28
internal_value=-0.0175079 -0.0625261 0.0639081 -0.091931
internal_weight=132 85 47 49
internal_count=132 85 47 49
is_linear=0
shrinkage=0.05


Tree=27
num_leaves=5
num_cat=0
split_feature=1 1 1 1
split_gain=174.654 36.1128 8.77481 4.68841
threshold=10.625000000000002 5.5000000000000009 13.010000000000002 2.6100000000000003
decision_type=2 2 2 2
left_child=1 3 -2 -1
right_child=2 -3 -4 -5
leaf_value=-0.105193369161515 0.085814580493606629 -0.021377540138524234 0.042118668414790325 -0.073940329253673553
leaf_weight=21 20 36 27 28
leaf_count=21 20 36 27 28
internal_value=-0.0166325 -0.0593998 0.0607127 -0.0873345
internal_weight=132 85 47 49
internal_count=132 85 47 49
is_linear=0
shrinkage=0.05


Tree=28
num_leaves=5
num_cat=0
split_feature=1 1 4 1
split_gain=157.625 32.5918 13.7102 4.23129
threshold=10.625000000000002 5.5000000000000009 31.500000000000004 2.6100000000000003
decision_type=2 2 2 2
left_child=1 3 -2 -1
right_child=2 -3 -4 -5
leaf_value=-0.099933700618289767 0.08905389066785574 -0.020308662763434567 0.034434928236253284 -0.070243313323174211
leaf_weight=21 20 36 27 28
leaf_count=21 20 36 27 28
internal_value=-0.0158008 -0.0564298 0.057677 -0.0829678
internal_weight=132 85 47 49
internal_count=132 85 47 49
is_linear=0
shrinkage=0.05


Tree=29
num_leaves=5
num_cat=0
split_feature=1 1 4 1
split_gain=142.257 29.4141 12.3734 3.81874
threshold=10.625000000000002 5.5000000000000009 31.500000000000004 2.6100000000000003
decision_type=2 2 2 2
left_child=1 3 -2 -1
right_child=2 -3 -4 -5
leaf_value=-0.094937015998931173 0.084601195901632315 -0.019293229856217901 0.032713181794517571 -0.066731146935905733
leaf_weight=21 20 36 27 28
leaf_count=21 20 36 27 28
internal_value=-0.0150108 -0.0536083 0.0547932 -0.0788194
internal_weight=132 85 47 49
internal_count=132 85 47 49
is_linear=0
shrinkage=0.05


Tree=30
num_leaves=5
num_cat=0
split_feature=1 1 1 2
split_gain=160.578 46.0418 10.3642 4.97979
threshold=7.2200000000000006 12.625000000000002 3.3900000000000001 2.5000000000000004
decision_type=2 2 2 2
left_child=2 3 -1 -2
right_child=1 -3 -4 -5
leaf_value=-0.077469542203471076 0.033709584292955695 0.092919424370241671 -0.0345030517578125 0.0011518072174943013
leaf_weight=32 24 36 25 23
leaf_count=32 24 36 25 23
internal_value=0.00599299 0.0503689 -0.0586246 0.0177771
internal_weight=140 83 57 47
internal_count=140 83 57 47
is_linear=0
shrinkage=0.05


Tree=31
num_leaves=5
num_cat=0
split_feature=1 1 1 2
split_gain=144.922 41.5527 9.39233 4.49426
threshold=7.2200000000000006 12.625000000000002 3.8350000000000004 2.5000000000000004
decision_type=2 2 2 2
left_child=2 3 -1 -2
right_child=1 -3 -4 -5
leaf_value=-0.07238671876051847 0.032024106391084689 0.088273451539377379 -0.031016222808672035 0.0010942173392876336
leaf_weight=34 24 36 23 23
leaf_count=34 24 36 23 23
internal_value=0.00569334 0.0478505 -0.0556934 0.0168882
internal_weight=140 83 57 47
internal_count=140 83 57 47
is_linear=0
shrinkage=0.05


Tree=32
num_leaves=6
num_cat=0
split_feature=10 5 0 4 3
split_gain=24.0501 32.3514 21.1514 12.1055 1.12486
threshold=1.0000000180025095e-35 -2.4999999999999996 17.965000000000003 44.500000000000007 3.5000000000000004
decision_type=2 2 2 2 2
left_child=1 -1 3 -3 -4
right_child=-2 2 4 -5 -6
leaf_value=-0.030119581833001109 -0.045353529341518879 -0.016206440773720927 0.064553829655051229 0.033591141707628322 0.047784354723989966
leaf_weight=31 20 26 20 23 20
leaf_count=31 20 26 20 23 20
internal_value=0.00540868 0.013869 0.0291909 0.00716793 0.0561691
internal_weight=140 120 89 49 40
internal_count=140 120 89 49 40
is_linear=0
shrinkage=0.05


Tree=33
num_leaves=5
num_cat=0
split_feature=1 1 1 3
split_gain=129.941 37.0743 8.86947 8.32514
threshold=7.2200000000000006 13.475000000000001 2.9400000000000004 3.5000000000000004
decision_type=2 2 2 2
left_child=2 3 -1 -2
right_child=1 -3 -4 -5
leaf_value=-0.076969508891520294 0.042060812280095859 0.095956240653991706 -0.036767014001003087 0.0041745413351675564
leaf_weight=23 29 25 34 29
leaf_count=23 29 25 34 29
internal_value=0.00513824 0.045057 -0.0529891 0.0231177
internal_weight=140 83 57 58
internal_count=140 83 57 58
is_linear=0
shrinkage=0.05


Tree=34
num_leaves=5
num_cat=0
split_feature=1 1 1 2
split_gain=117.272 33.6291 8.01501 4.19228
threshold=7.2200000000000006 12.625000000000002 3.8350000000000004 2.5000000000000004
decision_type=2 2 2 2
left_child=2 3 -1 -2
right_child=1 -3 -4 -5
leaf_value=-0.06576049895409275 0.029568495667384315 0.079169369426866379 -0.02754353750497103 -0.00030419398909029759
leaf_weight=34 24 36 23 23
leaf_count=34 24 36 23 23
internal_value=0.00488133 0.0428042 -0.0503396 0.0149499
internal_weight=140 83 57 47
internal_count=140 83 57 47
is_linear=0
shrinkage=0.05


Tree=35
num_leaves=5
num_cat=0
split_feature=1 1 4 1
split_gain=171.639 30.0931 6.95202 3.27202
threshold=11.765000000000002 5.5000000000000009 53.500000000000007 2.6100000000000003
decision_type=2 2 2 2
left_child=1 3 -3 -1
right_child=-2 2 -4 -5
leaf_value=-0.074980819635093218 0.093047899007797252 -0.021629074186086658 0.016909265755252405 -0.048871991087992991
leaf_weight=20 38 25 22 30
leaf_count=20 38 25 22 30
internal_value=0.00297275 -0.0323144 -0.00358985 -0.0593155
internal_weight=135 97 47 50
internal_count=135 97 47 50
is_linear=0
shrinkage=0.05


Tree=36
num_leaves=5
num_cat=0
split_feature=1 1 4 1
split_gain=154.904 27.159 6.2742 2.953
threshold=11.765000000000002 5.5000000000000009 53.500000000000007 2.6100000000000003
decision_type=2 2 2 2
left_child=1 3 -3 -1
right_child=-2 2 -4 -5
leaf_value=-0.071231778766959908 0.088395502888842639 -0.020547620475292207 0.016063801639459349 -0.046428391393274072
leaf_weight=20 38 25 22 30
leaf_count=20 38 25 22 30
internal_value=0.00282411 -0.0306987 -0.00341036 -0.0563497
internal_weight=135 97 47 50
internal_count=135 97 47 50
is_linear=0
shrinkage=0.05


Tree=37
num_leaves=5
num_cat=0
split_feature=1 1 4 1
split_gain=139.801 24.511 5.68636 2.66508
threshold=11.765000000000002 5.5000000000000009 57.500000000000007 2.6100000000000003
decision_type=2 2 2 2
left_child=1 3 -3 -1
right_child=-2 2 -4 -5
leaf_value=-0.067670190697535867 0.083975729307061764 -0.01886992193042086 0.016111687579680057 -0.044106971511112841
leaf_weight=20 38 26 21 30
leaf_count=20 38 26 21 30
internal_value=0.00268291 -0.0291638 -0.00323984 -0.0535323
internal_weight=135 97 47 50
internal_count=135 97 47 50
is_linear=0
shrinkage=0.05


Tree=38
num_leaves=5
num_cat=0
split_feature=1 1 4 1
split_gain=126.17 22.1212 5.13194 2.40524
threshold=11.765000000000002 5.5000000000000009 57.500000000000007 2.6100000000000003
decision_type=2 2 2 2
left_child=1 3 -3 -1
right_child=-2 2 -4 -5
leaf_value=-0.064286681264638906 0.079776942886804286 -0.017926425816347968 0.015306103517789216 -0.041901623240361618
leaf_weight=20 38 26 21 30
leaf_count=20 38 26 21 30
internal_value=0.00254876 -0.0277056 -0.00307785 -0.0508556
internal_weight=135 97 47 50
internal_count=135 97 47 50
is_linear=0
shrinkage=0.05


Tree=39
num_leaves=5
num_cat=0
split_feature=1 1 4 1
split_gain=113.869 19.9644 4.652 2.17073
threshold=11.765000000000002 5.5000000000000009 53.500000000000007 2.6100000000000003
decision_type=2 2 2 2
left_child=1 3 -3 -1
right_child=-2 2 -4 -5
leaf_value=-0.061072346381843091 0.075788094642523091 -0.017680422276258469 0.013844754491848025 -0.039806541915362086
leaf_weight=20 38 25 22 30
leaf_count=20 38 25 22 30
internal_value=0.00242132 -0.0263203 -0.00292396 -0.0483129
internal_weight=135 97 47 50
internal_count=135 97 47 50
is_linear=0
shrinkage=0.05


Tree=40
num_leaves=6
num_cat=0
split_feature=1 1 0 1 2
split_gain=57.1318 13.9415 7.45068 6.03947 2.13847
threshold=10.625000000000002 5.9900000000000011 20.240000000000006 8.5650000000000031 2.5000000000000004
decision_type=2 2 2 2 2
left_child=1 4 -2 -3 -1
right_child=2 3 -4 -5 -6
leaf_value=-0.052310145770510047 0.028205044160562534 0.017801342923194168 0.068469334682449701 -0.021055680077988654 -0.030728569973937494
leaf_weight=24 27 20 20 20 22
leaf_count=24 27 20 20 20 22
internal_value=0.00101026 -0.0232158 0.0453388 -0.00162717 -0.0419885
internal_weight=133 86 47 40 46
internal_count=133 86 47 40 46
is_linear=0
shrinkage=0.05


Tree=41
num_leaves=6
num_cat=0
split_feature=1 1 0 1 0
split_gain=51.5614 12.5822 6.72424 5.45062 2.08419
threshold=10.625000000000002 5.9900000000000011 20.240000000000006 8.5650000000000031 21.205000000000002
decision_type=2 2 2 2 2
left_child=1 4 -2 -3 -1
right_child=2 3 -4 -5 -6
leaf_value=-0.030554665574947227 0.026794792139143861 0.016911275256425145 0.065045867543667563 -0.020002896508667618 -0.052023856602609157
leaf_weight=26 27 20 20 20 20
leaf_count=26 27 20 20 20 20
internal_value=0.000959743 -0.022055 0.0430718 -0.00154581 -0.0398891
internal_weight=133 86 47 40 46
internal_count=133 86 47 40 46
is_linear=0
shrinkage=0.05


Tree=42
num_leaves=6
num_cat=0
split_feature=1 1 0 1 2
split_gain=46.5342 11.3555 6.06863 4.91919 1.93763
threshold=10.625000000000002 5.9900000000000011 20.240000000000006 8.5650000000000031 2.5000000000000004
decision_type=2 2 2 2 2
left_child=1 4 -2 -3 -1
right_child=2 3 -4 -5 -6
leaf_value=-0.047719630167315091 0.02545505257116424 0.016065711607225239 0.061793572641909128 -0.019002751829102636 -0.027176472154149617
leaf_weight=24 27 20 20 20 22
leaf_count=24 27 20 20 20 22
internal_value=0.000911756 -0.0209523 0.0409183 -0.00146852 -0.0378946
internal_weight=133 86 47 40 46
internal_count=133 86 47 40 46
is_linear=0
shrinkage=0.05


Tree=43
num_leaves=6
num_cat=0
split_feature=1 1 0 1 0
split_gain=41.9971 10.2483 5.47693 4.43957 1.88827
threshold=10.625000000000002 5.9900000000000011 20.240000000000006 8.5650000000000031 21.205000000000002
decision_type=2 2 2 2 2
left_child=1 4 -2 -3 -1
right_child=2 3 -4 -5 -6
leaf_value=-0.027115023694932461 0.024182300173022128 0.015262425411492586 0.058703892640769487 -0.018052614000625907 -0.047550260890275246
leaf_weight=26 27 20 20 20 20
leaf_count=26 27 20 20 20 20
internal_value=0.000866168 -0.0199046 0.0388723 -0.00139509 -0.0359999
internal_weight=133 86 47 40 46
internal_count=133 86 47 40 46
is_linear=0
shrinkage=0.05


Tree=44
num_leaves=6
num_cat=0
split_feature=1 1 0 1 0
split_gain=37.9024 9.2491 4.94293 4.00671 1.70417
threshold=10.625000000000002 5.9900000000000011 20.240000000000006 8.5650000000000031 21.205000000000002
decision_type=2 2 2 2 2
left_child=1 4 -2 -3 -1
right_child=2 3 -4 -5 -6
leaf_value=-0.02575927236690544 0.022973185260262756 0.014499305130739232 0.055768699087202549 -0.017149983660783619 -0.045172747531905776
leaf_weight=26 27 20 20 20 20
leaf_count=26 27 20 20 20 20
internal_value=0.00082286 -0.0189094 0.0369287 -0.00132534 -0.0341999
internal_weight=133 86 47 40 46
internal_count=133 86 47 40 46
is_linear=0
shrinkage=0.05


Tree=45
num_leaves=5
num_cat=0
split_feature=1 0 1 4
split_gain=32.791 19.9774 17.9996 7.2091
threshold=13.475000000000001 25.955000000000002 5.9900000000000011 31.500000000000004
decision_type=2 2 2 2
left_child=1 2 -1 -4
right_child=-2 -3 3 -5
leaf_value=-0.031842274015989942 0.048829762606571125 -0.059525668674281662 0.035975699197678339 -0.0014992294254515207
leaf_weight=38 24 21 21 33
leaf_count=38 24 21 21 33
internal_value=-0.00424902 -0.0155224 -0.00547817 0.0130744
internal_weight=137 113 92 54
internal_count=137 113 92 54
is_linear=0
shrinkage=0.05


Tree=46
num_leaves=5
num_cat=0
split_feature=1 0 1 4
split_gain=29.5939 18.0296 16.2447 6.50621
threshold=13.475000000000001 25.955000000000002 5.9900000000000011 31.500000000000004
decision_type=2 2 2 2
left_child=1 2 -1 -4
right_child=-2 -3 3 -5
leaf_value=-0.030250160454919461 0.046388275952388841 -0.056549385527060153 0.034176913897196452 -0.001424267166999705
leaf_weight=38 24 21 21 33
leaf_count=38 24 21 21 33
internal_value=-0.00403657 -0.0147463 -0.00520426 0.0124206
internal_weight=137 113 92 54
internal_count=137 113 92 54
is_linear=0
shrinkage=0.05


Tree=47
num_leaves=5
num_cat=0
split_feature=1 0 1 4
split_gain=26.7085 16.2718 14.6608 5.87186
threshold=13.475000000000001 25.955000000000002 5.9900000000000011 31.500000000000004
decision_type=2 2 2 2
left_child=1 2 -1 -4
right_child=-2 -3 3 -5
leaf_value=-0.028737652127778058 0.044068861628572153 -0.05372191626755965 0.032468067606290181 -0.0013530544061778171
leaf_weight=38 24 21 21 33
leaf_count=38 24 21 21 33
internal_value=-0.00383474 -0.014009 -0.00494405 0.0117996
internal_weight=137 113 92 54
internal_count=137 113 92 54
is_linear=0
shrinkage=0.05


Tree=48
num_leaves=5
num_cat=0
split_feature=1 0 1 4
split_gain=24.1044 14.6853 13.2314 5.29935
threshold=13.475000000000001 25.955000000000002 5.9900000000000011 31.500000000000004
decision_type=2 2 2 2
left_child=1 2 -1 -4
right_child=-2 -3 3 -5
leaf_value=-0.027300769651896862 0.041865417920053008 -0.05103581945988394 0.030844664573669436 -0.0012854017811178261
leaf_weight=38 24 21 21 33
leaf_count=38 24 21 21 33
internal_value=-0.00364301 -0.0133085 -0.00469684 0.0112096
internal_weight=137 113 92 54
internal_count=137 113 92 54
is_linear=0
shrinkage=0.05


Tree=49
num_leaves=5
num_cat=0
split_feature=1 0 1 4
split_gain=21.7543 13.2534 11.9563 5.13021
threshold=13.475000000000001 25.955000000000002 5.0750000000000011 31.500000000000004
decision_type=2 2 2 2
left_child=1 2 -1 -4
right_child=-2 -3 3 -5
leaf_value=-0.027464613259903022 0.039772147157539926 -0.048484029192920955 0.029302431288219632 -0.0017942677523630362
leaf_weight=35 24 21 21 36
leaf_count=35 24 21 21 36
internal_value=-0.00346085 -0.0126431 -0.004462 0.00966241
internal_weight=137 113 92 57
internal_count=137 113 92 57
is_linear=0
shrinkage=0.05


Tree=50
num_leaves=5
num_cat=0
split_feature=1 4 2 1
split_gain=25.4217 11.9314 6.51607 3.10437
threshold=7.2200000000000006 31.500000000000004 2.5000000000000004 2.9400000000000004
decision_type=2 2 2 2
left_child=3 -2 -3 -1
right_child=1 2 -4 -5
leaf_value=-0.040939279887825253 0.040908407266525663 -0.014790109229775576 0.021745004664863583 -0.01660246089664533
leaf_weight=20 34 26 23 38
leaf_count=20 34 26 23 38
internal_value=0.00040283 0.0181503 0.00235903 -0.0249945
internal_weight=141 83 49 58
internal_count=141 83 49 58
is_linear=0
shrinkage=0.05


Tree=51
num_leaves=5
num_cat=0
split_feature=1 4 4 1
split_gain=22.9431 10.7681 6.08881 2.80169
threshold=7.2200000000000006 31.500000000000004 59.000000000000007 2.9400000000000004
decision_type=2 2 2 2
left_child=3 -2 -3 -1
right_child=1 2 -4 -5
leaf_value=-0.038892316385172314 0.038862987958333074 -0.018982678502798084 0.016878144850890186 -0.015772337848963952
leaf_weight=20 34 20 29 38
leaf_count=20 34 20 29 38
internal_value=0.000382688 0.0172428 0.00224107 -0.0237447
internal_weight=141 83 49 58
internal_count=141 83 49 58
is_linear=0
shrinkage=0.05


Tree=52
num_leaves=5
num_cat=0
split_feature=1 4 2 1
split_gain=20.7061 9.71821 5.76248 2.52853
threshold=7.2200000000000006 31.500000000000004 2.5000000000000004 2.9400000000000004
decision_type=2 2 2 2
left_child=3 -2 -3 -1
right_child=1 2 -4 -5
leaf_value=-0.036947700297459966 0.036919837313539844 -0.013997990967562567 0.020359554781537989 -0.014983720786403865
leaf_weight=20 34 26 23 38
leaf_count=20 34 26 23 38
internal_value=0.000363554 0.0163807 0.00212902 -0.0225575
internal_weight=141 83 49 58
internal_count=141 83 49 58
is_linear=0
shrinkage=0.05


Tree=53
num_leaves=5
num_cat=0
split_feature=1 1 5 0
split_gain=19.0649 6.29368 7.6235 2.50568
threshold=12.175000000000002 3.3900000000000001 -2.4999999999999996 17.315000000000001
decision_type=2 2 2 2
left_child=1 -1 -3 -4
right_child=-2 2 3 -5
leaf_value=-0.032091743246508909 0.030614836792473829 -0.025674353676060069 -0.0037090461552143103 0.018460726909912552
leaf_weight=26 38 26 25 26
leaf_count=26 38 26 25 26
internal_value=0.000345376 -0.010822 -0.00364001 0.00759319
internal_weight=141 103 77 51
internal_count=141 103 77 51
is_linear=0
shrinkage=0.05


Tree=54
num_leaves=5
num_cat=0
split_feature=1 1 5 0
split_gain=17.2061 5.68004 6.88021 2.26138
threshold=12.175000000000002 3.3900000000000001 -2.4999999999999996 17.315000000000001
decision_type=2 2 2 2
left_child=1 -1 -3 -4
right_child=-2 2 3 -5
leaf_value=-0.030487156381758935 0.029084094831916065 -0.024390635983302045 -0.0035235938429832459 0.017537691286550122
leaf_weight=26 38 26 25 26
leaf_count=26 38 26 25 26
internal_value=0.000328107 -0.0102809 -0.00345801 0.00721353
internal_weight=141 103 77 51
internal_count=141 103 77 51
is_linear=0
shrinkage=0.05


Tree=55
num_leaves=6
num_cat=0
split_feature=1 1 3 3 4
split_gain=18.7082 5.74733 4.57673 4.33363 2.26108
threshold=13.475000000000001 8.0400000000000009 3.5000000000000004 3.5000000000000004 55.000000000000007
decision_type=2 2 2 2 2
left_child=1 2 4 -3 -1
right_child=-2 3 -4 -5 -6
leaf_value=-0.038709265300227953 0.041020004459741438 0.015644899091372889 -0.00043162225999615416 -0.012541970195714383 -0.01594602582976222
leaf_weight=24 22 30 22 25 20
leaf_count=24 22 30 22 25 20
internal_value=-0.00139301 -0.00910447 -0.0190521 0.00283269 -0.0283623
internal_weight=143 121 66 55 44
internal_count=143 121 66 55 44
is_linear=0
shrinkage=0.05


Tree=56
num_leaves=6
num_cat=0
split_feature=1 3 3 0 1
split_gain=16.8841 5.63006 8.90896 5.65314 0.745502
threshold=13.475000000000001 1.5000000000000002 2.5000000000000004 17.965000000000003 8.5650000000000031
decision_type=2 2 2 2 2
left_child=1 -1 -3 -4 -5
right_child=-2 2 3 4 -6
leaf_value=0.015587783064693212 0.038969002951952547 -0.040047489184265338 0.010485567906024782 -0.010949628093900781 -0.024020369898062201
leaf_weight=20 22 24 33 24 20
leaf_count=20 22 24 33 24 20
internal_value=-0.00132336 -0.00864925 -0.0134487 -0.00515811 -0.0168909
internal_weight=143 121 101 77 44
internal_count=143 121 101 77 44
is_linear=0
shrinkage=0.05


Tree=57
num_leaves=6
num_cat=0
split_feature=1 1 3 3 5
split_gain=15.2379 5.23941 4.00272 3.84013 0.708111
threshold=13.475000000000001 8.0400000000000009 3.5000000000000004 3.5000000000000004 -1.0000000180025095e-35
decision_type=2 2 2 2 2
left_child=1 2 4 -3 -1
right_child=-2 3 -4 -5 -6
leaf_value=-0.033369938563555482 0.037020553987134587 0.015241374305138986 -0.00030100691047581761 -0.011292088925838471 -0.020631205430254342
leaf_weight=20 22 30 22 25 24
leaf_count=20 22 30 22 25 24
internal_value=-0.00125719 -0.00821678 -0.0177147 0.00318071 -0.0264215
internal_weight=143 121 66 55 44
internal_count=143 121 66 55 44
is_linear=0
shrinkage=0.05


Tree=58
num_leaves=5
num_cat=0
split_feature=1 4 4 5
split_gain=13.7522 5.17853 9.11628 4.15164
threshold=13.475000000000001 61.500000000000007 17.500000000000004 -1.0000000180025095e-35
decision_type=2 2 2 2
left_child=1 2 -1 -4
right_child=-2 -3 3 -5
leaf_value=0.0084180078597675106 0.035169525275176222 0.00840826304363353 -0.04128309912234545 -0.014089165721088648
leaf_weight=29 22 35 25 32
leaf_count=29 22 35 25 32
internal_value=-0.00119433 -0.00780595 -0.0144048 -0.0260163
internal_weight=143 121 86 57
internal_count=143 121 86 57
is_linear=0
shrinkage=0.05


Tree=59
num_leaves=6
num_cat=0
split_feature=1 3 3 0 1
split_gain=12.4114 5.05074 8.07113 5.10578 0.695362
threshold=13.475000000000001 1.5000000000000002 2.5000000000000004 17.965000000000003 8.5650000000000031
decision_type=2 2 2 2 2
left_child=1 -1 -3 -4 -5
right_child=-2 2 3 4 -6
leaf_value=0.015540585517883301 0.033411047675392845 -0.037278672208776696 0.010796714449922244 -0.0094826729114477828 -0.022106217956170442
leaf_weight=20 22 24 33 24 20
leaf_count=20 22 24 33 24 20
internal_value=-0.00113462 -0.00741565 -0.0119614 -0.00407035 -0.0152206
internal_weight=143 121 101 77 44
internal_count=143 121 101 77 44
is_linear=0
shrinkage=0.05


Tree=60
num_leaves=6
num_cat=0
split_feature=0 1 0 1 3
split_gain=12.3377 14.4087 11.3064 12.7525 2.39587
threshold=26.355000000000004 8.0400000000000009 18.745000000000005 12.825000000000001 3.5000000000000004
decision_type=2 2 2 2 2
left_child=1 4 3 -3 -1
right_child=-2 2 -4 -5 -6
leaf_value=-0.021955515383077523 -0.035781306045299228 0.031823434550315145 0.045466996122289591 -0.024639950394630433 -0.00026179548352956773
leaf_weight=35 22 20 27 20 20
leaf_count=35 22 20 27 20 20
internal_value=-0.00131659 0.00489836 0.0204668 0.00359174 -0.0140669
internal_weight=144 122 67 40 55
internal_count=144 122 67 40 55
is_linear=0
shrinkage=0.05


Tree=61
num_leaves=6
num_cat=0
split_feature=1 4 1 3 5
split_gain=11.0265 4.3081 6.96364 1.73482 0.528183
threshold=8.0400000000000009 31.500000000000004 12.025000000000002 3.5000000000000004 -1.0000000180025095e-35
decision_type=2 2 2 2 2
left_child=3 -2 -3 4 -1
right_child=1 2 -4 -5 -6
leaf_value=-0.027901302895043046 0.024955785033457422 0.020797511816702106 -0.019455792843585923 -0.0049551422424290491 -0.016899398248642682
leaf_weight=20 34 22 21 23 24
leaf_count=20 34 22 21 23 24
internal_value=-0.00125076 0.0116555 0.00113892 -0.0160833 -0.0219003
internal_weight=144 77 43 67 44
internal_count=144 77 43 67 44
is_linear=0
shrinkage=0.05


Tree=62
num_leaves=6
num_cat=0
split_feature=0 1 0 1 3
split_gain=11.1449 11.9955 9.92264 10.8112 1.99102
threshold=26.355000000000004 8.0400000000000009 18.745000000000005 12.825000000000001 3.5000000000000004
decision_type=2 2 2 2 2
left_child=1 4 3 -3 -1
right_child=-2 2 -4 -5 -6
leaf_value=-0.019777014622730869 -0.033944555304267189 0.029109221587423236 0.042344137115610969 -0.022879277579486372 -9.4840303063392642e-07
leaf_weight=35 22 20 27 20 20
leaf_count=35 22 20 27 20 20
internal_value=-0.00118822 0.00471866 0.0189237 0.00311497 -0.0125857
internal_weight=144 122 67 40 55
internal_count=144 122 67 40 55
is_linear=0
shrinkage=0.05


Tree=63
num_leaves=6
num_cat=0
split_feature=0 1 0 4 0
split_gain=10.0583 10.8845 7.96678 2.19173 1.92352
threshold=26.355000000000004 9.0600000000000023 18.745000000000005 26.500000000000004 17.645000000000003
decision_type=2 2 2 2 2
left_child=1 3 -3 -1 -5
right_child=-2 2 -4 4 -6
leaf_value=-0.020942483644932508 -0.032247327877716586 0.0055258923045852608 0.044140773943879386 -0.013256500717252493 0.0084098580337706071
leaf_weight=25 22 34 22 20 21
leaf_count=25 22 34 22 20 21
internal_value=-0.00112881 0.00448272 0.020696 -0.00927402 -0.0021591
internal_weight=144 122 56 66 41
internal_count=144 122 56 66 41
is_linear=0
shrinkage=0.05


Tree=64
num_leaves=6
num_cat=0
split_feature=1 4 4 3 5
split_gain=8.08629 3.89517 5.76893 1.38494 0.445616
threshold=8.0400000000000009 31.500000000000004 66.500000000000014 3.5000000000000004 -1.0000000180025095e-35
decision_type=2 2 2 2 2
left_child=3 -2 -3 4 -1
right_child=1 2 -4 -5 -6
leaf_value=-0.024483811398968103 0.022626863113220999 -0.017097752452220605 0.019619748708792031 -0.0038315145703761476 -0.014378351128349702
leaf_weight=20 34 23 20 23 24
leaf_count=20 34 23 20 23 24
internal_value=-0.00107237 0.00998 -1.98449e-05 -0.0137744 -0.0189717
internal_weight=144 77 43 67 44
internal_count=144 77 43 67 44
is_linear=0
shrinkage=0.05


Tree=65
num_leaves=6
num_cat=0
split_feature=10 5 1 4 0
split_gain=15.6765 11.721 18.7471 3.53933 0.719645
threshold=1.0000000180025095e-35 -4.4999999999999991 9.7550000000000008 55.000000000000007 17.645000000000003
decision_type=2 2 2 2 2
left_child=1 -1 3 -3 -4
right_child=-2 2 4 -5 -6
leaf_value=-0.024789976960291032 -0.038611978487196295 -0.013886287970734493 0.046609295053141458 0.012480836976319552 0.033519450929902848
leaf_weight=23 22 35 21 20 21
leaf_count=23 22 35 21 20 21
internal_value=0.000187798 0.00730109 0.0149103 -0.00429824 0.0400644
internal_weight=142 120 97 55 42
internal_count=142 120 97 55 42
is_linear=0
shrinkage=0.05


Tree=66
num_leaves=6
num_cat=0
split_feature=7 0 5 1 1
split_gain=14.8882 14.8055 7.42568 7.35723 11.6934
threshold=1.0000000180025095e-35 19.900000000000002 -1.0000000180025095e-35 6.330000000000001 12.825000000000001
decision_type=2 2 2 2 2
left_child=1 3 -3 -1 -5
right_child=-2 2 -4 4 -6
leaf_value=-0.015064740809611976 0.039040777512959077 -0.048638587315445361 -0.0092722603641450414 0.039009207655707825 -0.010687079578638077
leaf_weight=24 21 23 25 29 20
leaf_count=24 21 23 25 29 20
internal_value=0.000178408 -0.0065663 -0.0281353 0.00761605 0.018725
internal_weight=142 121 48 73 49
internal_count=142 121 48 73 49
is_linear=0
shrinkage=0.05


Tree=67
num_leaves=6
num_cat=0
split_feature=10 5 1 4 0
split_gain=14.1232 10.208 16.693 3.15419 0.602724
threshold=1.0000000180025095e-35 -4.4999999999999991 9.7550000000000008 55.000000000000007 17.645000000000003
decision_type=2 2 2 2 2
left_child=1 -1 3 -3 -4
right_child=-2 2 4 -5 -6
leaf_value=-0.023027030637730723 -0.036658021274276753 -0.01315472453300442 0.04374803869231117 0.011736518964171411 0.031768648326396941
leaf_weight=23 22 35 21 20 21
leaf_count=23 22 35 21 20 21
internal_value=0.000169488 0.0069212 0.0140223 -0.00410336 0.0377583
internal_weight=142 120 97 55 42
internal_count=142 120 97 55 42
is_linear=0
shrinkage=0.05


Tree=68
num_leaves=6
num_cat=0
split_feature=7 0 5 0 4
split_gain=12.9978 13.0533 6.6423 6.54827 5.78854
threshold=1.0000000180025095e-35 19.900000000000002 -1.0000000180025095e-35 15.06 31.500000000000004
decision_type=2 2 2 2 2
left_child=1 3 -3 4 -1
right_child=-2 2 -4 -5 -6
leaf_value=0.01556229019271476 0.036472457398970919 -0.045785092465255577 -0.0085531321428716188 0.027309908056989886 -0.019732229339961823
leaf_weight=21 21 23 25 26 26
leaf_count=21 21 23 25 26 26
internal_value=0.000161013 -0.00614097 -0.0263934 0.00717572 -0.00396234
internal_weight=142 121 48 73 47
internal_count=142 121 48 73 47
is_linear=0
shrinkage=0.05


Tree=69
num_leaves=6
num_cat=0
split_feature=10 5 1 4 0
split_gain=12.629 8.78925 14.9823 2.87401 0.533637
threshold=1.0000000180025095e-35 -4.4999999999999991 9.7550000000000008 55.000000000000007 17.645000000000003
decision_type=2 2 2 2 2
left_child=1 -1 3 -3 -4
right_child=-2 2 4 -5 -6
leaf_value=-0.02125176939627399 -0.034671858461065727 -0.012685107288083862 0.041249621810302853 0.011074878033250572 0.029977686880599888
leaf_weight=23 22 35 21 20 21
leaf_count=23 22 35 21 20 21
internal_value=0.000152963 0.00653751 0.0131267 -0.00404511 0.0356137
internal_weight=142 120 97 55 42
internal_count=142 120 97 55 42
is_linear=0
shrinkage=0.05


Tree=70
num_leaves=5
num_cat=0
split_feature=3 0 1 1
split_gain=11.4918 8.67439 9.2808 6.29838
threshold=1.5000000000000002 19.900000000000002 8.8700000000000028 8.8700000000000028
decision_type=2 2 2 2
left_child=-1 2 -2 -3
right_child=1 3 -4 -5
leaf_value=0.034363334267012151 -0.010224753726393946 -0.0024142702213592001 0.028786171377966338 -0.037617448950186372
leaf_weight=24 31 27 30 24
leaf_count=24 31 27 30 24
internal_value=0.00296569 -0.00376238 0.00896095 -0.0189805
internal_weight=136 112 61 51
internal_count=136 112 61 51
is_linear=0
shrinkage=0.05


Tree=71
num_leaves=5
num_cat=0
split_feature=3 0 1 0
split_gain=10.3713 7.82864 8.37593 5.99476
threshold=1.5000000000000002 19.900000000000002 8.8700000000000028 23.705000000000002
decision_type=2 2 2 2
left_child=-1 2 -2 -3
right_child=1 3 -4 -5
leaf_value=0.032645167617010883 -0.009713515927714687 -0.036213682638481258 0.027346862449000281 -0.0018694630927509734
leaf_weight=24 31 24 30 27
leaf_count=24 31 24 30 27
internal_value=0.0028174 -0.00357426 0.0085129 -0.0180314
internal_weight=136 112 61 51
internal_count=136 112 61 51
is_linear=0
shrinkage=0.05


Tree=72
num_leaves=6
num_cat=0
split_feature=10 1 0 4 0
split_gain=10.2495 17.0918 7.56104 1.74552 0.694477
threshold=1.0000000180025095e-35 9.4600000000000026 19.900000000000002 26.500000000000004 19.525000000000002
decision_type=2 2 2 2 2
left_child=1 3 -3 -1 -5
right_child=-2 2 -4 4 -6
leaf_value=-0.019689863223744476 -0.029444592729920435 0.046242872836689153 0.0071249665958540778 0.004187638722360134 -0.0088310150340909065
leaf_weight=23 21 30 21 20 21
leaf_count=23 21 30 21 20 21
internal_value=0.00267653 0.00854213 0.0301355 -0.00866508 -0.00248045
internal_weight=136 115 51 64 41
internal_count=136 115 51 64 41
is_linear=0
shrinkage=0.05


Tree=73
num_leaves=5
num_cat=0
split_feature=3 0 0 1
split_gain=9.34799 6.53339 7.38836 5.95956
threshold=1.5000000000000002 19.900000000000002 15.06 8.8700000000000028
decision_type=2 2 2 2
left_child=-1 2 -2 -3
right_child=1 3 -4 -5
leaf_value=0.030860737878053143 -0.0064980781460935999 -0.00061816299955050162 0.029122631814486041 -0.034861389407888056
leaf_weight=24 37 27 24 24
leaf_count=24 37 27 24 24
internal_value=0.00254271 -0.00352544 0.00751663 -0.0167326
internal_weight=136 112 61 51
internal_count=136 112 61 51
is_linear=0
shrinkage=0.05


Tree=74
num_leaves=5
num_cat=0
split_feature=10 1 0 3
split_gain=9.3654 15.734 6.11767 1.70557
threshold=1.0000000180025095e-35 9.4600000000000026 19.900000000000002 3.5000000000000004
decision_type=2 2 2 2
left_child=1 3 -3 -1
right_child=-2 2 -4 -5
leaf_value=-0.015459689986262773 -0.028288993053138256 0.043228998258709905 0.0080423419674237571 0.0010680008127733514
leaf_weight=37 21 30 21 27
leaf_count=37 21 30 21 27
internal_value=0.00241557 0.00802249 0.0287404 -0.00848707
internal_weight=136 115 51 64
internal_count=136 115 51 64
is_linear=0
shrinkage=0.05


Tree=75
num_leaves=5
num_cat=0
split_feature=1 4 0 2
split_gain=6.67448 8.29147 3.81016 6.12298
threshold=12.625000000000002 25.500000000000004 22.900000000000002 2.5000000000000004
decision_type=2 2 2 2
left_child=1 -1 3 -3
right_child=-2 2 -4 -5
leaf_value=-0.03068997992575169 0.019820397193817535 -0.0069262413138693026 -0.013040710597609481 0.030377727653831246
leaf_weight=25 34 22 24 22
leaf_count=25 34 22 24 22
internal_value=0.000862989 -0.00606768 0.00298464 0.0117257
internal_weight=127 93 68 44
internal_count=127 93 68 44
is_linear=0
shrinkage=0.05


Tree=76
num_leaves=5
num_cat=0
split_feature=1 4 1 1
split_gain=6.02372 7.48305 3.57858 4.34495
threshold=12.625000000000002 25.500000000000004 5.0750000000000011 8.6500000000000021
decision_type=2 2 2 2
left_child=1 -1 -3 -4
right_child=-2 2 3 -5
leaf_value=-0.029155480883549901 0.018829378858208658 -0.011299112418459522 0.028822315651923419 -0.003741066397300789
leaf_weight=25 34 27 20 21
leaf_count=25 34 27 20 21
internal_value=0.00081984 -0.00576429 0.00283541 0.0121435
internal_weight=127 93 68 41
internal_count=127 93 68 41
is_linear=0
shrinkage=0.05


Tree=77
num_leaves=5
num_cat=0
split_feature=2 4 5 0
split_gain=5.34415 6.64525 3.42485 3.93782
threshold=1.5000000000000002 25.500000000000004 -1.4999999999999998 19.525000000000002
decision_type=2 2 2 2
left_child=-1 -2 -3 -4
right_child=1 2 3 -5
leaf_value=-0.022264772724537626 -0.016070233961498297 0.026713143169347732 -0.0081498892632899458 0.019685387518256905
leaf_weight=21 27 28 27 24
leaf_count=21 27 28 27 24
internal_value=0.000778848 0.00534409 0.0126629 0.00494906
internal_weight=127 106 79 51
internal_count=127 106 79 51
is_linear=0
shrinkage=0.05


Tree=78
num_leaves=5
num_cat=0
split_feature=1 1 1 2
split_gain=5.58471 6.41331 6.95223 1.28379e-05
threshold=12.625000000000002 8.6500000000000021 5.0750000000000011 2.5000000000000004
decision_type=2 2 2 2
left_child=1 2 3 -1
right_child=-2 -3 -4 -5
leaf_value=-0.009937896095216274 0.018080753131824383 -0.025605163314113662 0.023701993674039842 -0.0098812438081949949
leaf_weight=20 34 28 25 20
leaf_count=20 34 28 25 20
internal_value=0.000739906 -0.00559976 0.00301795 -0.00990957
internal_weight=127 93 65 40
internal_count=127 93 65 40
is_linear=0
shrinkage=0.05


Tree=79
num_leaves=5
num_cat=0
split_feature=1 0 1 1
split_gain=5.0402 6.59266 5.31803 5.86015
threshold=12.625000000000002 25.650000000000002 3.9650000000000003 8.6500000000000021
decision_type=2 2 2 2
left_child=1 2 -1 -4
right_child=-2 -3 3 -5
leaf_value=-0.017051399029791355 0.017176713684902475 -0.030753224992658947 0.026795207267558137 -0.0084218943491578113
leaf_weight=25 34 20 27 21
leaf_count=25 34 20 27 21
internal_value=0.00070291 -0.00531977 0.0016483 0.0113877
internal_weight=127 93 73 48
internal_count=127 93 73 48
is_linear=0
shrinkage=0.05


Tree=80
num_leaves=5
num_cat=0
split_feature=10 1 0 1
split_gain=12.3237 25.3626 7.40779 4.90688
threshold=1.0000000180025095e-35 9.7550000000000008 16.355000000000004 13.220000000000002
decision_type=2 2 2 2
left_child=1 2 -1 -3
right_child=-2 3 -4 -5
leaf_value=0.012174790465893846 -0.026322896367586824 0.027215159582820808 -0.021913428823737539 0.061005000486260369
leaf_weight=30 23 22 34 21
leaf_count=30 23 22 34 21
internal_value=0.00688153 0.0140189 -0.00593458 0.0437172
internal_weight=130 107 64 43
internal_count=130 107 64 43
is_linear=0
shrinkage=0.05


Tree=81
num_leaves=5
num_cat=0
split_feature=8 0 1 2
split_gain=8.9978 10.5346 14.2481 12.0255
threshold=1.0000000180025095e-35 20.240000000000006 8.0400000000000009 2.5000000000000004
decision_type=2 2 2 2
left_child=1 3 -3 -1
right_child=-2 2 -4 -5
leaf_value=-0.036265873685479171 0.033495677486062046 -0.014083196116345271 0.040399491244378236 0.010192875933045379
leaf_weight=30 25 21 28 26
leaf_count=30 25 21 28 26
internal_value=0.00653745 0.00011883 0.0170498 -0.0146957
internal_weight=130 105 49 56
internal_count=130 105 49 56
is_linear=0
shrinkage=0.05


Tree=82
num_leaves=5
num_cat=0
split_feature=10 1 0 1
split_gain=10.5544 22.077 6.4765 4.42493
threshold=1.0000000180025095e-35 9.7550000000000008 16.355000000000004 13.220000000000002
decision_type=2 2 2 2
left_child=1 2 -1 -3
right_child=-2 3 -4 -5
leaf_value=0.011132370103150607 -0.024518110016462112 0.024853062756698241 -0.020741152522318507 0.056940614822364989
leaf_weight=30 23 22 34 21
leaf_count=30 23 22 34 21
internal_value=0.00621058 0.0128158 -0.00580044 0.0405237
internal_weight=130 107 64 43
internal_count=130 107 64 43
is_linear=0
shrinkage=0.05


Tree=83
num_leaves=5
num_cat=0
split_feature=10 1 0 4
split_gain=9.52539 19.9245 5.84504 4.37639
threshold=1.0000000180025095e-35 9.7550000000000008 16.355000000000004 41.500000000000007
decision_type=2 2 2 2
left_child=1 2 -1 -3
right_child=-2 3 -4 -5
leaf_value=0.010575751631210249 -0.023292203435836281 0.055603313585743309 -0.019704094529151919 0.023622957074447819
leaf_weight=30 23 20 34 23
leaf_count=30 23 20 34 23
internal_value=0.00590005 0.012175 -0.00551042 0.0384975
internal_weight=130 107 64 43
internal_count=130 107 64 43
is_linear=0
shrinkage=0.05


Tree=84
num_leaves=5
num_cat=0
split_feature=10 9 0 0
split_gain=8.59666 11.3825 6.50051 6.41852
threshold=1.0000000180025095e-35 1.0000000180025095e-35 10.015000000000002 19.900000000000002
decision_type=2 2 2 2
left_child=1 2 -1 -4
right_child=-2 -3 3 -5
leaf_value=-0.003136742469810304 -0.022127592701302923 -0.017217885903440987 0.046668137057817416 0.013888124935328962
leaf_weight=21 23 26 28 32
leaf_count=21 23 26 28 32
internal_value=0.00560505 0.0115663 0.0208056 0.0291855
internal_weight=130 107 81 60
internal_count=130 107 81 60
is_linear=0
shrinkage=0.05


Tree=85
num_leaves=4
num_cat=0
split_feature=0 1 1
split_gain=6.13563 15.5495 5.38939
threshold=23.705000000000002 12.025000000000002 6.330000000000001
decision_type=2 2 2
left_child=1 2 -1
right_child=-2 -3 -4
leaf_value=-0.004318235607019493 0.021419865084702477 -0.033985545871586635 0.023429063806709435
leaf_weight=35 34 29 35
leaf_count=35 34 29 35
internal_value=0.00309454 -0.00319901 0.00955541
internal_weight=133 99 70
internal_count=133 99 70
is_linear=0
shrinkage=0.05


Tree=86
num_leaves=4
num_cat=0
split_feature=0 1 1
split_gain=5.5374 14.0334 4.86392
threshold=23.705000000000002 12.025000000000002 6.330000000000001
decision_type=2 2 2
left_child=1 2 -1
right_child=-2 -3 -4
leaf_value=-0.0041023237564201866 0.020348872737411192 -0.032286268832354713 0.022257610703153269
leaf_weight=35 34 29 35
leaf_count=35 34 29 35
internal_value=0.00293981 -0.00303906 0.00907764
internal_weight=133 99 70
internal_count=133 99 70
is_linear=0
shrinkage=0.05


Tree=87
num_leaves=5
num_cat=0
split_feature=1 5 4 4
split_gain=4.40685 8.52972 3.53092 3.13276
threshold=12.825000000000001 -3.4999999999999996 55.000000000000007 23.500000000000004
decision_type=2 2 2 2
left_child=1 -1 3 -3
right_child=-2 2 -4 -5
leaf_value=0.032032549215687649 -0.01305068058497978 0.005324987641402653 0.013925032163611973 -0.020639878470235722
leaf_weight=27 33 21 26 26
leaf_count=27 33 21 26 26
internal_value=0.00279282 0.00802118 -0.000859743 -0.00903856
internal_weight=133 100 73 47
internal_count=133 100 73 47
is_linear=0
shrinkage=0.05


Tree=88
num_leaves=5
num_cat=0
split_feature=0 1 1 1
split_gain=4.90729 12.1527 4.4792 0.34087
threshold=23.705000000000002 12.025000000000002 7.2200000000000006 3.9650000000000003
decision_type=2 2 2 2
left_child=1 2 3 -1
right_child=-2 -3 -4 -5
leaf_value=-0.0063214820174669678 0.019041824702392608 -0.030192198475887035 0.023790895444939713 0.0026976066455245019
leaf_weight=22 34 29 28 20
leaf_count=22 34 29 28 20
internal_value=0.00265318 -0.00297524 0.00830035 -0.00202668
internal_weight=133 99 70 42
internal_count=133 99 70 42
is_linear=0
shrinkage=0.05


Tree=89
num_leaves=5
num_cat=0
split_feature=0 0 3 0
split_gain=4.42883 11.8393 8.57923 5.26505
threshold=23.705000000000002 19.900000000000002 2.5000000000000004 12.225000000000003
decision_type=2 2 2 2
left_child=1 2 -1 -4
right_child=-2 -3 3 -5
leaf_value=-0.012234769526070784 0.018089733059134552 -0.036150234006345275 0.0040121481838551439 0.039013471928912968
leaf_weight=35 34 21 22 21
leaf_count=35 34 21 22 21
internal_value=0.00252052 -0.00282648 0.0061453 0.0211058
internal_weight=133 99 78 43
internal_count=133 99 78 43
is_linear=0
shrinkage=0.05


Tree=90
num_leaves=6
num_cat=0
split_feature=3 0 4 0 0
split_gain=8.80927 12.7879 5.62158 5.56097 4.30119
threshold=2.5000000000000004 19.900000000000002 47.500000000000007 23.705000000000002 10.725000000000001
decision_type=2 2 2 2 2
left_child=2 4 -1 -3 -2
right_child=1 3 -4 -5 -6
leaf_value=-0.0035649802718710692 0.011168542157181285 -0.031194918591063471 -0.036542362564553815 0.0045036770713826023 0.04280423674555052
leaf_weight=28 22 20 24 24 21
leaf_count=28 22 20 24 24 21
internal_value=-0.00250395 0.00722743 -0.0187853 -0.011723 0.0266185
internal_weight=139 87 52 44 43
internal_count=139 87 52 44 43
is_linear=0
shrinkage=0.05


Tree=91
num_leaves=5
num_cat=0
split_feature=0 2 5 2
split_gain=7.82038 4.06375 10.8569 11.0501
threshold=25.955000000000002 1.5000000000000002 -1.0000000180025095e-35 3.5000000000000004
decision_type=2 2 2 2
left_child=1 -1 -3 -4
right_child=-2 2 3 -5
leaf_value=-0.017757614888250828 -0.029728805168997497 0.028296852134470196 0.011994092594832181 -0.031529506653547285
leaf_weight=20 22 37 35 25
leaf_count=20 22 37 35 25
internal_value=-0.00237875 0.00276399 0.00699525 -0.00614074
internal_weight=139 117 97 60
internal_count=139 117 97 60
is_linear=0
shrinkage=0.05


Tree=92
num_leaves=6
num_cat=0
split_feature=3 0 0 4 0
split_gain=7.59894 10.9421 5.18321 4.96191 3.84476
threshold=2.5000000000000004 19.900000000000002 23.705000000000002 47.500000000000007 10.725000000000001
decision_type=2 2 2 2 2
left_child=3 4 -3 -1 -2
right_child=1 2 -4 -5 -6
leaf_value=-0.0030819384281390479 0.010108198598027231 -0.029550017381552607 0.0049147370892266432 -0.034064091928303245 0.040018294733904662
leaf_weight=28 22 20 24 24 21
leaf_count=28 22 20 24 24 21
internal_value=-0.00225982 0.00677837 -0.0107511 -0.0173814 0.0247155
internal_weight=139 87 44 52 43
internal_count=139 87 44 52 43
is_linear=0
shrinkage=0.05


Tree=93
num_leaves=6
num_cat=0
split_feature=0 3 0 0 1
split_gain=6.92515 4.50989 7.28288 5.77773 3.64075
threshold=25.955000000000002 2.5000000000000004 19.900000000000002 15.935 7.2200000000000006
decision_type=2 2 2 2 2
left_child=1 3 4 -1 -3
right_child=-2 2 -4 -5 -6
leaf_value=-0.028970211584653172 -0.027883875175294556 0.0078776964824646724 -0.0080226812162436552 0.0081195392512849393 0.037046625278890133
leaf_weight=21 22 20 32 21 23
leaf_count=21 22 20 32 21 23
internal_value=-0.00214683 0.00269262 0.0100387 -0.0104253 0.0234797
internal_weight=139 117 75 42 43
internal_count=139 117 75 42 43
is_linear=0
shrinkage=0.05


Tree=94
num_leaves=6
num_cat=0
split_feature=3 0 0 4 0
split_gain=6.3138 8.82278 4.8208 4.49335 3.4445
threshold=2.5000000000000004 19.900000000000002 23.705000000000002 47.500000000000007 10.725000000000001
decision_type=2 2 2 2 2
left_child=3 4 -3 -1 -2
right_child=1 2 -4 -5 -6
leaf_value=-0.0022156392989147989 0.0084796807644042099 -0.027671382259577517 0.0055666644436617695 -0.031698658938209216 0.036790097621269523
leaf_weight=28 22 20 24 24 21
leaf_count=28 22 20 24 24 21
internal_value=-0.00203948 0.00619905 -0.00954154 -0.0158232 0.0223057
internal_weight=139 87 44 52 43
internal_count=139 87 44 52 43
is_linear=0
shrinkage=0.05


Tree=95
num_leaves=5
num_cat=0
split_feature=1 0 0 0
split_gain=8.96496 3.90518 3.77079 2.72295
threshold=13.010000000000002 9.4800000000000022 15.06 25.100000000000005
decision_type=2 2 2 2
left_child=1 -1 -3 -4
right_child=-2 2 3 -5
leaf_value=0.017288576405156741 -0.033290861480470217 -0.025313652410404758 0.0074252151045948265 -0.014474787520752711
leaf_weight=22 28 20 40 22
leaf_count=22 28 20 40 22
internal_value=-0.00817807 -0.00141693 -0.00643548 -0.000345754
internal_weight=132 104 82 62
internal_count=132 104 82 62
is_linear=0
shrinkage=0.05


Tree=96
num_leaves=5
num_cat=0
split_feature=1 0 4 5
split_gain=8.09088 3.52443 4.51083 2.9616
threshold=13.010000000000002 9.4800000000000022 57.500000000000007 -1.4999999999999998
decision_type=2 2 2 2
left_child=1 -1 3 -3
right_child=-2 2 -4 -5
leaf_value=0.016424146734855392 -0.031626318355223969 -0.0012896560456441798 0.009739967214007831 -0.025137375053018329
leaf_weight=22 28 23 29 30
leaf_count=22 28 23 29 30
internal_value=-0.00776917 -0.00134609 -0.00611371 -0.0147884
internal_weight=132 104 82 53
internal_count=132 104 82 53
is_linear=0
shrinkage=0.05


Tree=97
num_leaves=5
num_cat=0
split_feature=1 0 4 5
split_gain=7.30202 3.1808 4.07102 2.67285
threshold=13.010000000000002 9.4800000000000022 57.500000000000007 -1.4999999999999998
decision_type=2 2 2 2
left_child=1 -1 3 -3
right_child=-2 2 -4 -5
leaf_value=0.015602940422567456 -0.030045000603422523 -0.0012251737649026126 0.0092529691563084208 -0.023880505844329797
leaf_weight=22 28 23 29 30
leaf_count=22 28 23 29 30
internal_value=-0.00738071 -0.00127878 -0.00580803 -0.0140489
internal_weight=132 104 82 53
internal_count=132 104 82 53
is_linear=0
shrinkage=0.05


Tree=98
num_leaves=5
num_cat=0
split_feature=1 0 4 0
split_gain=6.59007 2.87067 3.82818 3.56031
threshold=13.010000000000002 9.4800000000000022 25.500000000000004 17.645000000000003
decision_type=2 2 2 2
left_child=1 -1 -3 -4
right_child=-2 2 3 -5
leaf_value=0.014822792871431871 -0.028542752171467456 -0.022312134409245725 -0.013312801328720526 0.011839802815195394
leaf_weight=22 28 24 24 34
leaf_count=22 28 24 24 34
internal_value=-0.00701167 -0.00121484 -0.00551762 0.00143183
internal_weight=132 104 82 58
internal_count=132 104 82 58
is_linear=0
shrinkage=0.05


Tree=99
num_leaves=5
num_cat=0
split_feature=1 0 4 5
split_gain=5.94754 2.59078 3.47611 2.36473
threshold=13.010000000000002 9.4800000000000022 57.500000000000007 -1.4999999999999998
decision_type=2 2 2 2
left_child=1 -1 3 -3
right_child=-2 2 -4 -5
leaf_value=0.014081653529270131 -0.027115613581346617 -0.000794752492852833 0.0086753619256718408 -0.022104303537247082
leaf_weight=22 28 23 29 30
leaf_count=22 28 23 29 30
internal_value=-0.00666109 -0.0011541 -0.00524174 -0.0128568
internal_weight=132 104 82 53
internal_count=132 104 82 53
is_linear=0
shrinkage=0.05


end of trees

feature_importances:
estimated_hours=228
grade_percentage=84
days_until_due=52
priority_rating=23
difficulty_level=18
days_between_estimate_and_completion=18
task_type_Quiz=10
task_type_Exam=2
task_type_Lab=1
task_type_Project=1

parameters:
[boosting: gbdt]
[objective: regression]
[metric: rmse]
[tree_learner: serial]
[device_type: cpu]
[data_sample_strategy: bagging]
[data: ]
[valid: ]
[num_iterations: 100]
[learning_rate: 0.05]
[num_leaves: 31]
[num_threads: 0]
[seed: 0]
[deterministic: 0]
[force_col_wise: 0]
[force_row_wise: 0]
[histogram_pool_size: -1]
[max_depth: -1]
[min_data_in_leaf: 20]
[min_sum_hessian_in_leaf: 0.001]
[bagging_fraction: 0.8]
[pos_bagging_fraction: 1]
[neg_bagging_fraction: 1]
[bagging_freq: 5]
[bagging_seed: 3]
[bagging_by_query: 0]
[feature_fraction: 0.9]
[feature_fraction_bynode: 1]
[feature_fraction_seed: 2]
[extra_trees: 0]
[extra_seed: 6]
[early_stopping_round: 0]
[early_stopping_min_delta: 0]
[first_metric_only: 0]
[max_delta_step: 0]
[lambda_l1: 0]
[lambda_l2: 0]
[linear_lambda: 0]
[min_gain_to_split: 0]
[drop_rate: 0.1]
[max_drop: 50]
[skip_drop: 0.5]
[xgboost_dart_mode: 0]
[uniform_drop: 0]
[drop_seed: 4]
[top_rate: 0.2]
[other_rate: 0.1]
[min_data_per_group: 100]
[max_cat_threshold: 32]
[cat_l2: 10]
[cat_smooth: 10]
[max_cat_to_onehot: 4]
[top_k: 20]
[monotone_constraints: ]
[monotone_constraints_method: basic]
[monotone_penalty: 0]
[feature_contri: ]
[forcedsplits_filename: ]
[refit_decay_rate: 0.9]
[cegb_tradeoff: 1]
[cegb_penalty_split: 0]
[cegb_penalty_feature_lazy: ]
[cegb_penalty_feature_coupled: ]
[path_smooth: 0]
[interaction_constraints: ]
[verbosity: 1]
[saved_feature_importance_type: 0]
[use_quantized_grad: 0]
[num_grad_quant_bins: 4]
[quant_train_renew_leaf: 0]
[stochastic_rounding: 1]
[linear_tree: 0]
[max_bin: 255]
[max_bin_by_feature: ]
[min_data_in_bin: 3]
[bin_construct_sample_cnt: 200000]
[data_random_seed: 1]
[is_enable_sparse: 1]
[enable_bundle: 1]
[use_missing: 1]
[zero_as_missing: 0]
[feature_pre_filter: 1]
[pre_partition: 0]
[two_round: 0]
[header: 0]
[label_column: ]
[weight_column: ]
[group_column: ]
[ignore_column: ]
[categorical_feature: ]
[forcedbins_filename: ]
[precise_float_parser: 0]
[parser_config_file: ]
[objective_seed: 5]
[num_class: 1]
[is_unbalance: 0]
[scale_pos_weight: 1]
[sigmoid: 1]
[boost_from_average: 1]
[reg_sqrt: 0]
[alpha: 0.9]
[fair_c: 1]
[poisson_max_delta_step: 0.7]
[tweedie_variance_power: 1.5]
[lambdarank_truncation_level: 30]
[lambdarank_norm: 1]
[label_gain: ]
[lambdarank_position_bias_regularization: 0]
[eval_at: ]
[multi_error_top_k: 1]
[auc_mu_weights: ]
[num_machines: 1]
[local_listen_port: 12400]
[time_out: 120]
[machine_list_filename: ]
[machines: ]
[gpu_platform_id: -1]
[gpu_device_id: -1]
[gpu_use_dp: 0]
[num_gpu: 1]

end of parameters

pandas_categorical:[]
